1.156569532767943720e+01
1.501031777652156673e+00
1.139918417486766478e+00
9.814782342810431937e-01
8.589754736845760519e-01
7.524719683893543731e-01
6.615064264613633727e-01
5.888894238580344442e-01
5.331295920135411537e-01
4.899376538279880955e-01
4.554855389570807156e-01
4.271283990654102802e-01
4.031309402281632592e-01
3.823441815409456823e-01
3.639854480722174990e-01
3.475021012482299443e-01
3.324876583104824923e-01
3.186288465565536021e-01
3.056706150283754475e-01
2.933913702236328747e-01
2.815837761822180818e-01
2.700384547185957218e-01
2.585298689855784482e-01
2.468069808345428329e-01
2.345981616689355176e-01
2.216522227520226762e-01
2.078485811374063685e-01
1.933820227983729378e-01
1.788993730409577654e-01
1.653318514240416370e-01
1.534139103725652153e-01
1.433632516908432408e-01
1.349952454181856942e-01
1.279887469163910607e-01
1.220433745633243139e-01
1.169234492342051956e-01
1.124539970469098094e-01
1.085061107073772568e-01
1.049837252823291878e-01
1.018139352912828810e-01
9.894032521774601130e-02
9.631843004823693877e-02
9.391262050945499429e-02
9.169393046034630956e-02
8.963851167872462222e-02
8.772651276930701347e-02
8.594125009291241069e-02
8.426858367809285377e-02
8.269643977588032879e-02
8.121444023127832867e-02
